


XNORS2X12
	area: 8.11


	A <- (0.005849)
	B <- (0.005254)

	
	Z -> (0.21) (!A*!B+A*B) --- XNOR2

	cell_fall (A)
	input_net_transition total_output_net_capacitance time
		0.005 0.0014 0.0821392
		0.005 0.013 0.108736
		0.005 0.026 0.13684
		0.005 0.053 0.194843
		0.005 0.11 0.317262
		0.005 0.21 0.532103
		0.035 0.0014 0.104836
		0.035 0.013 0.131747
		0.035 0.026 0.16005
		0.035 0.053 0.21815
		0.035 0.11 0.340549
		0.035 0.21 0.555368
		0.56 0.0014 0.34925
		0.56 0.013 0.379676
		0.56 0.026 0.40909
		0.56 0.053 0.474507
		0.56 0.11 0.637703
		0.56 0.21 0.881518

	cell_rise (A)
	input_net_transition total_output_net_capacitance time
		-0.005 0.0014 0.0918335
		+0.005 0.013 0.111243
		0.005 0.026 0.130548
		0.005 0.053 0.192599
		0.005 0.11 0.359403
		0.005 0.21 0.651816
		0.035 0.0014 0.112849
		0.035 0.013 0.132539
		0.035 0.026 0.151998
		0.035 0.053 0.214522
		0.035 0.11 0.381458
		0.035 0.21 0.673816
		0.56 0.0014 0.36399
		0.56 0.013 0.388344
		0.56 0.026 0.410058
		0.56 0.053 0.503129
		0.56 0.11 0.696916
		0.56 0.21 1.00596

	fall_transition (A)
	input_net_transition total_output_net_capacitance time
		0.005 0.0014 0.031611
		0.005 0.013 0.071558
		0.005 0.026 0.11603
		0.005 0.053 0.20766
		0.005 0.11 0.40095
		0.005 0.21 0.7396
		0.035 0.0014 0.034268
		0.035 0.013 0.072835
		0.035 0.026 0.11644
		0.035 0.053 0.20787
		0.035 0.11 0.40109
		0.035 0.21 0.73961
		0.56 0.0014 0.1153
		0.56 0.013 0.16651
		0.56 0.026 0.21264
		0.56 0.053 0.30064
		0.56 0.11 0.47836
		0.56 0.21 0.79127

	rise_transition (A)
	input_net_transition total_output_net_capacitance time
		0.005 0.0014 0.034305
		0.005 0.013 0.088418
		0.005 0.026 0.1491
		0.005 0.053 0.27454
		0.005 0.11 0.53914
		0.005 0.21 1.0042
		0.035 0.0014 0.035721
		0.035 0.013 0.088881
		0.035 0.026 0.14934
		0.035 0.053 0.27474
		0.035 0.11 0.53939
		0.035 0.21 1.0047
		0.28 0.21 1.008
		0.56 0.0014 0.096224
		0.56 0.013 0.1519
		0.56 0.026 0.20938
		0.56 0.053 0.32766
		0.56 0.11 0.57766
		0.56 0.21 1.0259

NAND2X12
	area: 8.11
	A <- (0.005849)
	B <- (0.005254)
	Z -> (0.21) (!(A*B)) --- NAND2

	cell_fall (A)
	input_net_transition total_output_net_capacitance time
		0.005 0.0014 0.0821392
		0.005 0.013 0.108736
		0.005 0.026 0.13684
		0.005 0.053 0.194843
		0.005 0.11 0.317262
		0.005 0.21 0.532103
		0.035 0.0014 0.104836
		0.035 0.013 0.131747
		0.035 0.026 0.16005
		0.035 0.053 0.21815
		0.035 0.11 0.340549
		0.035 0.21 0.555368
		0.56 0.0014 0.34925
		0.56 0.013 0.379676
		0.56 0.026 0.40909
		0.56 0.053 0.474507
		0.56 0.11 0.637703
		0.56 0.21 0.881518

	cell_rise (A)
	input_net_transition total_output_net_capacitance time
		-0.005 0.0014 0.0918335
		+0.005 0.013 0.111243
		0.005 0.026 0.130548
		0.005 0.053 0.192599
		0.005 0.11 0.359403
		0.005 0.21 0.651816
		0.035 0.0014 0.112849
		0.035 0.013 0.132539
		0.035 0.026 0.151998
		0.035 0.053 0.214522
		0.035 0.11 0.381458
		0.035 0.21 0.673816
		0.56 0.0014 0.36399
		0.56 0.013 0.388344
		0.56 0.026 0.410058
		0.56 0.053 0.503129
		0.56 0.11 0.696916
		0.56 0.21 1.00596

	fall_transition (A)
	input_net_transition total_output_net_capacitance time
		0.005 0.0014 0.031611
		0.005 0.013 0.071558
		0.005 0.026 0.11603
		0.005 0.053 0.20766
		0.005 0.11 0.40095
		0.005 0.21 0.7396
		0.035 0.0014 0.034268
		0.035 0.013 0.072835
		0.035 0.026 0.11644
		0.035 0.053 0.20787
		0.035 0.11 0.40109
		0.035 0.21 0.73961
		0.56 0.0014 0.1153
		0.56 0.013 0.16651
		0.56 0.026 0.21264
		0.56 0.053 0.30064
		0.56 0.11 0.47836
		0.56 0.21 0.79127

	rise_transition (A)
	input_net_transition total_output_net_capacitance time
		0.005 0.0014 0.034305
		0.005 0.013 0.088418
		0.005 0.026 0.1491
		0.005 0.053 0.27454
		0.005 0.11 0.53914
		0.005 0.21 1.0042
		0.035 0.0014 0.035721
		0.035 0.013 0.088881
		0.035 0.026 0.14934
		0.035 0.053 0.27474
		0.035 0.11 0.53939
		0.035 0.21 1.0047
		0.28 0.21 1.008
		0.56 0.0014 0.096224
		0.56 0.013 0.1519
		0.56 0.026 0.20938
		0.56 0.053 0.32766
		0.56 0.11 0.57766
		0.56 0.21 1.0259
