1.165119 54.320000
1.044455 71.750000
1.049910 72.370000
1.065808 72.370000
1.079626 68.090000
1.165119 54.320000
1.165119 46.170000
1.097531 64.980000
1.157114 53.040000
1.065808 63.730000
1.165119 53.700000
1.157114 51.790000
1.116227 54.910000
1.065808 63.730000
1.116227 59.320000
1.105943 60.570000
1.116227 54.910000
1.105943 60.570000
1.165119 46.170000
1.157114 51.790000
1.105943 60.570000
1.165119 46.170000
1.157114 51.790000
1.116227 54.910000
1.157114 51.790000
1.157114 51.790000
1.157114 51.790000
1.157114 51.790000
1.165119 46.170000
1.065808 63.730000
1.165119 46.170000
1.157114 51.790000
1.165119 46.170000
1.105943 60.570000
1.116227 59.320000
1.206184 49.290000
1.165119 46.170000